**	Engineering Computation & Linear Algabra Project
**	Finding the mesh current in purely resistive independent DC sources circuit
		Name:		Adel Ali Ansari
		ID:			U00038673
		Instructor:	Dr.Ismail Shahin
===========================================================================
								{INPUTS}


The number of mesh currents = 3

R(Kohm)=
		  3.000000		 -1.000000		 -2.000000
		 -1.000000		  3.000000		 -1.000000
		 -2.000000		 -1.000000		  3.000000

V(volt)=
		  0.000000
		  0.000000
		  0.000000

The tolerance in (mA) = 0.001000

The initial values for the current Io(mA)=
		  0.000000
		 10.000000
		 20.000000

===========================================================================
					{Triangular Factorization Method}


**There's an exact solution.

The Lower Triangular matrix (L):
L=
		  1.000000		  0.000000		  0.000000
		 -0.333333		  1.000000		  0.000000
		 -0.666667		 -0.625000		  1.000000

The Upper Triangular matrix (U):
U=
		  3.000000		 -1.000000		 -2.000000
		  0.000000		  2.666667		 -1.666667
		  0.000000		  0.000000		  0.625000

The Y matrix :
Y =
		  0.000000
		  0.000000
		  0.000000

The mesh currents, I :
I =
		  0.000000
		  0.000000
		  0.000000

===========================================================================
							{Jacobi Iterative Method}


		**There's an iterative solution for this circuit.


The number of iterations done (K): 75

The iterations results are in the table.(All the currents and the Norm are in (mA))

K			I 1				I 2				I 3				Norm
_______________________________________________________________________
0		  0.000000		 10.000000		 20.000000		  0.000000		
1		 16.666667		  6.666667		  3.333333		 16.666667		
2		  4.444444		  6.666667		 13.333333		 12.222222		
3		 11.111111		  5.925926		  5.185185		  8.148148		
4		  5.432099		  5.432099		  9.382716		  5.679012		
5		  8.065844		  4.938272		  5.432099		  3.950617		
6		  5.267490		  4.499314		  7.023320		  2.798354		
7		  6.181984		  4.096936		  5.011431		  2.011888		
8		  4.706600		  3.731139		  5.486968		  1.475385		
9		  4.901692		  3.397856		  4.381446		  1.105523		
10		  4.053583		  3.094379		  4.400413		  0.848109		
11		  3.965069		  2.817999		  3.733848		  0.666565		
12		  3.428565		  2.566306		  3.582712		  0.536504		
13		  3.243910		  2.337092		  3.141145		  0.441567		
14		  2.873128		  2.128352		  2.941637		  0.370782		
15		  2.670542		  1.938255		  2.624869		  0.316768		
16		  2.395998		  1.765137		  2.426446		  0.274544		
17		  2.206010		  1.607481		  2.185711		  0.240736		
18		  1.992968		  1.463907		  2.006500		  0.213042		
19		  1.825636		  1.333156		  1.816614		  0.189886		
20		  1.655461		  1.214083		  1.661476		  0.170175		
21		  1.512345		  1.105646		  1.508335		  0.153141		
22		  1.374105		  1.006893		  1.376779		  0.138240		
23		  1.253484		  0.916961		  1.251701		  0.125077		
24		  1.140121		  0.835062		  1.141309		  0.113362		
25		  1.039227		  0.760477		  1.038435		  0.102875		
26		  0.945782		  0.692554		  0.946310		  0.093445		
27		  0.861725		  0.630697		  0.861373		  0.084937		
28		  0.784481		  0.574366		  0.784716		  0.077244		
29		  0.714599		  0.523066		  0.714443		  0.070273		
30		  0.650650		  0.476347		  0.650755		  0.063949		
31		  0.592619		  0.433802		  0.592549		  0.058205		
32		  0.539633		  0.395056		  0.539680		  0.052985		
33		  0.491472		  0.359771		  0.491441		  0.048239		
34		  0.447551		  0.327638		  0.447572		  0.043921		
35		  0.407594		  0.298374		  0.407580		  0.039992		
36		  0.371178		  0.271724		  0.371187		  0.036416		
37		  0.338033		  0.247455		  0.338027		  0.033160		
38		  0.307836		  0.225353		  0.307840		  0.030197		
39		  0.280345		  0.205225		  0.280342		  0.027498		
40		  0.255303		  0.186895		  0.255305		  0.025042		
41		  0.232502		  0.170203		  0.232501		  0.022804		
42		  0.211735		  0.155001		  0.211735		  0.020767		
43		  0.192824		  0.141157		  0.192823		  0.018912		
44		  0.175601		  0.128549		  0.175601		  0.017223		
45		  0.159917		  0.117068		  0.159917		  0.015684		
46		  0.145634		  0.106611		  0.145634		  0.014283		
47		  0.132627		  0.097089		  0.132626		  0.013008		
48		  0.120781		  0.088418		  0.120781		  0.011846		
49		  0.109993		  0.080521		  0.109993		  0.010788		
50		  0.100169		  0.073329		  0.100169		  0.009824		
51		  0.091222		  0.066779		  0.091222		  0.008947		
52		  0.083075		  0.060815		  0.083075		  0.008148		
53		  0.075655		  0.055383		  0.075655		  0.007420		
54		  0.068897		  0.050436		  0.068897		  0.006757		
55		  0.062744		  0.045932		  0.062744		  0.006154		
56		  0.057140		  0.041829		  0.057140		  0.005604		
57		  0.052036		  0.038093		  0.052036		  0.005104		
58		  0.047388		  0.034691		  0.047388		  0.004648		
59		  0.043156		  0.031592		  0.043156		  0.004233		
60		  0.039301		  0.028771		  0.039301		  0.003855		
61		  0.035791		  0.026201		  0.035791		  0.003510		
62		  0.032594		  0.023861		  0.032594		  0.003197		
63		  0.029683		  0.021730		  0.029683		  0.002911		
64		  0.027032		  0.019789		  0.027032		  0.002651		
65		  0.024618		  0.018021		  0.024618		  0.002414		
66		  0.022419		  0.016412		  0.022419		  0.002199		
67		  0.020416		  0.014946		  0.020416		  0.002002		
68		  0.018593		  0.013611		  0.018593		  0.001824		
69		  0.016932		  0.012395		  0.016932		  0.001661		
70		  0.015420		  0.011288		  0.015420		  0.001512		
71		  0.014043		  0.010280		  0.014043		  0.001377		
72		  0.012788		  0.009362		  0.012788		  0.001254		
73		  0.011646		  0.008526		  0.011646		  0.001142		
74		  0.010606		  0.007764		  0.010606		  0.001040		
75		  0.009659		  0.007071		  0.009659		  0.000947		


===========================================================================
						{Gauss-Seidel Iterative Method}

The number of iterations done (K): 45

The iterations results are in the table.(All the currents and the Norm are in (mA))

K			I 1				I 2				I 3				Norm
_______________________________________________________________________
0		  0.000000		 10.000000		 20.000000		  0.000000		
1		 16.666667		 12.222222		 15.185185		 16.666667		
2		 14.197531		  9.794239		 12.729767		  2.469136		
3		 11.751257		  8.160341		 10.554285		  2.446273		
4		  9.756304		  6.770197		  8.760935		  1.994953		
5		  8.097355		  5.619430		  7.271380		  1.658949		
6		  6.720730		  4.664037		  6.035166		  1.376625		
7		  5.578123		  3.871096		  5.009114		  1.142607		
8		  4.629775		  3.212963		  4.157504		  0.948348		
9		  3.842657		  2.666720		  3.450678		  0.787118		
10		  3.189359		  2.213346		  2.864021		  0.653298		
11		  2.647129		  1.837050		  2.377103		  0.542230		
12		  2.197085		  1.524729		  1.972967		  0.450044		
13		  1.823554		  1.265507		  1.637539		  0.373531		
14		  1.513528		  1.050356		  1.359137		  0.310026		
15		  1.256210		  0.871782		  1.128067		  0.257318		
16		  1.042639		  0.723569		  0.936282		  0.213571		
17		  0.865378		  0.600553		  0.777103		  0.177261		
18		  0.718253		  0.498452		  0.644986		  0.147125		
19		  0.596141		  0.413709		  0.535331		  0.122112		
20		  0.494790		  0.343374		  0.444318		  0.101351		
21		  0.410670		  0.284996		  0.368779		  0.084120		
22		  0.340851		  0.236543		  0.306082		  0.069819		
23		  0.282902		  0.196328		  0.254044		  0.057949		
24		  0.234805		  0.162950		  0.210854		  0.048097		
25		  0.194886		  0.135246		  0.175006		  0.039920		
26		  0.161753		  0.112253		  0.145253		  0.033133		
27		  0.134253		  0.093169		  0.120558		  0.027500		
28		  0.111428		  0.077329		  0.100062		  0.022825		
29		  0.092484		  0.064182		  0.083050		  0.018944		
30		  0.076761		  0.053270		  0.068931		  0.015723		
31		  0.063710		  0.044214		  0.057212		  0.013050		
32		  0.052879		  0.036697		  0.047485		  0.010832		
33		  0.043889		  0.030458		  0.039412		  0.008990		
34		  0.036427		  0.025280		  0.032711		  0.007462		
35		  0.030234		  0.020982		  0.027150		  0.006193		
36		  0.025094		  0.017415		  0.022534		  0.005140		
37		  0.020828		  0.014454		  0.018703		  0.004266		
38		  0.017287		  0.011997		  0.015523		  0.003541		
39		  0.014348		  0.009957		  0.012884		  0.002939		
40		  0.011908		  0.008264		  0.010694		  0.002439		
41		  0.009884		  0.006859		  0.008876		  0.002025		
42		  0.008204		  0.005693		  0.007367		  0.001680		
43		  0.006809		  0.004725		  0.006114		  0.001395		
44		  0.005651		  0.003922		  0.005075		  0.001158		
45		  0.004690		  0.003255		  0.004212		  0.000961		

